 1 ( 10.0  5.0 ) 1000.0 Casa Campo
 2 ( 20.0 20.0 ) 1000.0 Principe Pio
 3 ( 20.0 40.0 ) 1000.0 Arguelles
 4 ( 40.0 10.0 ) 1000.0 Pacifico
 5 ( 65.0  5.0 ) 1000.0 Estrella
 6 ( 55.0 20.0 ) 1000.0 Sainz Baranda
 7 ( 65.0 30.0 ) 1000.0 Manuel Becerra
 8 ( 40.0 40.0 ) 6000.0 Alonso Martinez
 9 ( 60.0 50.0 ) 1000.0 Avenida America
10 ( 40.0 55.0 ) 1000.0 Nuevos Ministerios
11 ( 60.0 60.0 ) 1000.0 Colombia
12 ( 40.0 70.0 ) 1000.0 Plaza Castilla
13 ( 70.0 55.0 ) 1000.0 Prosperidad
14 ( 30.0 75.0 ) 1000.0 Paco de Lucia
15 ( 45.0 75.0 ) 1000.0 Chamartin
.
6 128 128 128
10 9 3000.0
9 7 3000.0
7 6 3000.0
6 4 3000.0
4 2 3000.0
2 3 3000.0
3 10 3000.0
.
9 150 0 255
14 12 3000.0
12 11 3000.0
11 9 3000.0
9 6 3000.0
6 5 3000.0
.
4 137 81 43
13 9 3000.0
9 8 3000.0
8 3 3000.0
.
10 0 0 255
15 12 3000.0
12 10 3000.0
10 8 3000.0
8 2 3000.0
2 1 3000.0




.